x1 = -345.745028
x2 = 44.019178
x3 = 4.553246
x4 = 8.448363
x5 = 7.963125
x6 = 7.920392
x7 = 7.832957
x8 = 7.750038
x9 = 7.666663
x10 = 7.583334
x11 = 7.5
x12 = 7.416667
x13 = 7.333333
x14 = 7.25
x15 = 7.166667
x16 = 7.083333
x17 = 7.0
x18 = 6.916667
x19 = 6.833333
x20 = 6.75
x21 = 6.666667
x22 = 6.583333
x23 = 6.5
x24 = 6.416667
x25 = 6.333333
x26 = 6.25
x27 = 6.166667
x28 = 6.083333
x29 = 6.0
x30 = 5.916667
x31 = 5.833333
x32 = 5.75
x33 = 5.666667
x34 = 5.583333
x35 = 5.5
x36 = 5.416667
x37 = 5.333333
x38 = 5.25
x39 = 5.166667
x40 = 5.083333
x41 = 5.0
x42 = 4.916667
x43 = 4.833333
x44 = 4.75
x45 = 4.666667
x46 = 4.583333
x47 = 4.5
x48 = 4.416667
x49 = 4.333333
x50 = 4.25
x51 = 4.166667
x52 = 4.083333
x53 = 4.0
x54 = 3.916667
x55 = 3.833333
x56 = 3.75
x57 = 3.666667
x58 = 3.583333
x59 = 3.5
x60 = 3.416667
x61 = 3.333333
x62 = 3.25
x63 = 3.166667
x64 = 3.083333
x65 = 3.0
x66 = 2.916667
x67 = 2.833333
x68 = 2.75
x69 = 2.666667
x70 = 2.583333
x71 = 2.5
x72 = 2.416667
x73 = 2.333333
x74 = 2.25
x75 = 2.166667
x76 = 2.083333
x77 = 2.0
x78 = 1.916667
x79 = 1.833333
x80 = 1.75
x81 = 1.666667
x82 = 1.583333
x83 = 1.5
x84 = 1.416667
x85 = 1.333333
x86 = 1.25
x87 = 1.166667
x88 = 1.083333
x89 = 1.0
x90 = 0.916667
x91 = 0.833333
x92 = 0.75
x93 = 0.666667
x94 = 0.583334
x95 = 0.499991
x96 = 0.416754
x97 = 0.332473
x98 = 0.258514
x99 = 0.082387
x100 = 0.917613
